2526867917
2501167175
2351558847
2526673683
2303733269
2171789912
2530289192
2531113987
2544016064
2544783946
2545573598
2547311472
2549912625
2557001376
2570586845
2573673513
2574151679
2575061891
2576340001
2577197889
2577441097
2577441115
2591016764
2592681721
2595345403
2602874942
2619862817
2622516083
2623229468
2623940255
2584857101
2629962641
2639329059
2641898270
2643484451
2643480258
2649699883
2664986736
2667256249
2672227926
2673079462
2673832124
2689516439
2691464603
2694475296
2701494410
2702229287
2702833347
2704595533
2704783163
2519812687
2711193934
2712161313
2704517832
2727539396
2732360028
2733772362
2734522755
2736753075
2756639256
2760786103
2760865647
2763523895
2763582798
2764610635
2770047962
2773958224
2780011386
2779974503
2782617152
2796152046
2796860598
2797635982
2802580801
2802946647
2803742315
2804201531
2811105428
2811771205
2811761143
2822989467
2828729889
2844627248
2847840045
2849588608
2850319863
2872805900
2877890269
2880349834
2883926447
2884251297
2886907851
2888270804
2894854453
2895375365
2900213277
2906433653
2907399062
2911709805
2923755047
2930647009
2933222649
2937084278
2938113068
2943629021
2781751994
2753864788
2438176218
1204385118
2947049048
2828580956
2957011446
2963770488
2967632907
2971130659
2972448609
2978441344
2983372570
2988016725
2988089736
2993950848
2996281885
2998133131
3001195245
3004457548
3006386378
3015858768
3021655836
3024496275
3025260644
3025456109
3028102880
3033382160
3035118867
3037736524
3042907720
3046413905
3051135515
3055392009
3057280781
3065448652
2683543050
3067624322
3074695445
3074717045
3087458579
3089968058
3090768105
3091275385
3092493006
3097534361
3102158152
3103551426
3103629373
3105972479
3048032396
3107794219
3113581249
3114067944
3114629256
3109995915
3119741705
3121166431
3121234922
3122041009
3123527733
3127786677
3130244045
3131213802
3133901662
3135529950
3136963029
3138167302
3140392419
3141744323
3141739720
3141806107
3144851653
3147466454
3147548024
3150652313
3150644805
3151917285
3152254909
3132479710
3153843441
3154218928
3155182678
3155376221
3156041824
3159040834
3163136099
3165226847
3170350831
3171689703
3172346770
3171298880
3178456181
3178966357
3179387872
3180730860
3188702456
3189453988
3189818580
3189853559
3191415091
3192729701
3196283525
3200339178
3212118359
3216229749
3219426188
3226455550
3226924563
3228504057
3232506727
3233960158
3234863977
3239566964
3199133385
3250834739
3255559149
3261691527
3261690900
3261690249
3268228094
3199621134
3272250350
3278797513
3282867625
3285511693
3292648928
3296481451
3309103715
3260227152
3312278691
3289247045
3317516127
3319378369
3320866686
3324001049
3254386422
3342247668
3342273228
3345896024
3349812104
3350881378
3355430101
3357982568
3360027248
3359985546
3359974229
3368347439
3369504713
3370583286
3376467676
3377539994
3377991055
3379180862
3386223911
3386331320
3398386221
3399608317
3404342948
3404598367
3385546567
3418166965
3430082078
3461656784
3470761790
3471852147
3479610823
3479766878
3485573308
3485634947
3486274879
3488022299
3494760894
3501457265
3514785658
3517301789
3520260804
3526070154
3526057047
3534073385
3504984374
3539542754
3551449743
3555328108
3555308093
3561646038
3504225727
3231814175
3569245321
3580115531
3580535569
3582170805
3584449880
3586715204
3593997173
3596656946
3604936384
3604933906
3604931932
3604928295
3611103110
3611495495
3622125833
3622193240
3623038897
3628738365
3635173046
3641019535
3643520767
3645799075
3654835332
3664427109
3668390606
3670041353
3670311101
3672091363
3675963859
3688260070
3688252746
3688598710
3689522579
3690559374
3692015745
3692511537
3692886679
3696004195
3696652939
3702276920
3707471317
3721503242
3724141615
3727236940
3732723229
3742599917
3628232507
3747039369
3756444667
3758388889
3759151983
3769698322
3770985239
3776127415
3776283528
3776276734
3776263878
3777029318
3776278714
3779355198
3781483858
3791586330
3791755925
3795111354
3797347799
3803179955
3803830733
3819797413
3819943027
3825055339
3825888078
3825865973
3829469561
3830663508
3833809662
3836952436
3838837502
3833958438
3851308426
3851746323
3856603125
3856591188
3870477157
3871641724
3871621937
3871613653
3879766457
3883110546
3883106716
3885473917
3888689925
3895286485
3896390143
3878977375
3898991973
3924691004
3925808091
3926738728
3928514555
3930957175
3937876004
3859958796
3939162947
3941483688
3943834847
3943874623
4182893839
4145965259
4112586566
4063662392
4195138599
4189085650
3845948439
3763555606
3751154174
4146908853
4084016435
3434041375
4050738403
3967005645
3946841359
4197474173
4202963845
4204464271
4210078376
4212711671
4212747074
4202533253
4213873361
4214057531
4066266980
4215051937
4215195072
4216309357
4218607502
4219997611
4221288152
4223750226
4225168319
3795567039
4230508671
4231159099
4235472169
4238402318
4238511806
4241964579
4177207057
4243050711
4245580980
4003290594
4246602258
4247497952
3902930649
4250815893
4254072623
4254583652
4258264388
4260399605
4260549350
4263990027
4268364297
4270884037
4273386395
4274429288
4216598076
4275447724
4275438348
4276802657
4277257517
4278072226
4279724636
4279895978
4280042673
4204330486
4285766606
4285942197
4290328944
4292899939
4292930285
4134424916
4303636971
4184630012
4310841111
4312123246
4312161349
4312150973
4279940313
4319229231
4319570437
4320164520
4321992501
4324791308
4325309783
4322051566
4329066553
4329255104
4330313325
4331807222
4333130475
4335823574
4336507634
4340956287
4343589160
4343810130
4344840073
4345481359
4354886838
4356116438
4358188886
4358181257
4358431898
4358579255
4361695236
4364636072
4375315548
4378136181
4379152734
4381354129
4382886284
4386255969
4396968172
4400580677
4403366443
4404513048
4404508636
4413003589
4413785939
4417169834
4418809454
4420755269
4420853104
4421107325
4423638871
4429100185
4431683608
4432458704
4432833577
4433612809
4434790181
4439451662
4441781621
4442428928
4444671310
4445064428
4445588933
4446369676
4448111351
4448238076
4448990363
4452735680
4454232017
3955953927
4342325515
4047523851
4348992294
4463598766
4463761615
4467959236
4468085526
4472859208
4482077723
4482321103
4485527016
4486255593
4491363286
4494761165
4496582847
4499718900
4499841303
4500103693
4502396519
4505039892
4484950261
4508036803
4507996770
4509343486
4509431763
4356139421
2948229139
4520497453
4521541988
4521803344
4523357062
4525760167
4526374590
4530901013
4532978176
4533034665
4533472716
4525608182
4535171316
4536505428
4536469432
4537717589
4537883737
4540027844
4541570343
4541817696
4543064749
4544239248
4546476929
4546471867
4546528062
4549018597
4553533537
4559250469
4559529165
4559646549
4559645640
4559644619
4561845204
4564219631
4110679814
4569990908
4569989401
4569987696
4569987567
4569984194
4569984263
4569983688
4569983532
4569975369
4569981290
4569979653
4569979552
4569979277
4569976845
4569970959
4569969104
4569968847
4569966646
4569965442
4569965349
4569965236
4569963946
4569963394
4569963180
4569990735
4569983462
4569979445
4569973548
4569971328
4569958505
4569955770
4569935234
4569916622
4569915441
4569894184
4569890292
4569867243
4569866456
4569861685
4569840584
4569829846
4569819574
4569816187
4569784959
4569774090
4569770687
4569760205
4569742224
4569722368
4569717156
4569845493
4569754189
4569624747
4568939647
4569026399
4569026366
4568983633
4568960234
4568953430
4568943501
4568927124
4568905471
4568901471
4568840778
4568806851
4568710749
4568709994
4568708263
4568707014
4568630320
4568584069
4568577385
4568554982
4568538791
4569991161
4569991001
4569990924
4569989602
4569987734
4569987125
4569985775
4569979640
4569978469
4569977493
4569977112
4569973899
4569973618
4569973005
4569968695
4569966429
4569965947
4569949896
4569964764
4571222618
4571221187
4571219036
4571217480
4571213341
4571211735
4571211652
4571210035
4571209342
4571198225
4571208531
4571206906
4571206005
4571204864
4571204718
4571204535
4571203609
4571202411
4571201452
4571200658
4571199835
4571199821
4571185563
4571192632
4571215694
4571211904
4570964855
4571201870
4571199759
4571180370
4571173065
4571151486
4571120514
4571107818
4571107441
4571104732
4571095737
4571095030
4571085334
4571082571
4571076201
4571069657
4571063861
4571040814
4571033241
4571029784
4571028671
4571027724
4571164597
4571135671
4571015702
4571036955
4570970325
4570772277
4570628491
4570434056
4571222207
4571221178
4571220438
4571204780
4571217500
4571215900
4571214801
4571213967
4571212906
4571211840
4571208705
4571208630
4571206406
4571205828
4571622588
4571622680
4571622137
4524566232
4571620650
4571619446
4571617785
4571617236
4571616238
4571615837
4571615557
4571614582
4571613964
4571611537
4571611388
4571610707
4571610146
4571610179
4571609600
4571607162
4571604816
4571602808
4571602738
4571601375
4571621229
4571544424
4571608497
4571596429
4571595174
4571579202
4571578994
4571578658
4571577921
4571569793
4571569153
4571557255
4571550188
4571548966
4571536798
4571533831
4571531384
4571528375
4571519637
4571517512
4571508753
4571500628
4571494945
4571486553
4571614214
4571612505
4571607498
4571567170
4571601437
4571440023
4571394913
4570889654
4571623234
4571621569
4571620121
4571618816
4571618994
4571618027
4571617769
4571617182
4571616871
4571615571
4571612930
4571612574
4571612204
4571611206
4571610740
4571610236
4571608221
4571606950
4572909264
4572908454
4572907786
4572906858
4572906043
4572905375
4572905132
4572904461
4572903976
4572904085
4572903981
4572903311
4572902948
4572902790
4572901320
4572900814
4572900655
4572899140
4572897927
4572896863
4572896272
4572896335
4572896235
4572895607
4572907156
4572902673
4572897199
4572892818
4572886993
4572885198
4572882590
4572860962
4572850370
4572840924
4572821422
4572815761
4572758121
4572788382
4572781732
4572780829
4572777084
4572766261
4572753450
4572748479
4572737889
4572713413
4572711265
4572698125
4572769060
4572872187
4572739730
4572650177
4572487424
4572422941
4572404149
4572216887
4572212898
4572060847
4571998569
4571942132
4571749742
4571716646
4572909089
4572908904
4572908397
4572908540
4572908022
4572905650
4572905320
4572904738
4572903805
4572903537
4572902418
4572901884
4572890153
4572901157
4572900370
4572900395
4572899885
4572898936
4572898183
4572897480
4572895789
4573247863
4573247415
4573245785
4573244882
4573243891
4573243399
4573243259
4573242584
4573241578
4573241051
4573239643
4573239310
4573239156
4573237585
4573237075
4573236251
4573236315
4573236313
4573235325
4573235162
4573234826
4573234505
4573232826
4573231582
4573245074
4573240918
4573240710
4573236330
4573234327
4573233153
4573229120
4573227585
4573223310
4573218128
4573214340
4573167515
4573204204
4573199157
4573197151
4573190744
4573188267
4573184641
4573181301
4573175969
4573174267
4573167399
4573167258
4573162009
4573159552
4573154825
4573151374
4573138103
4573078293
4573033998
4573026072
4573247642
4573247076
4573246934
4573246067
4573245599
4573244182
4573244186
4573243663
4573243521
4573242981
4573242629
4573242689
4573242492
4573242112
4573241893
4573241645
4573241264
4573241019
4573240619
4573240122
4573238188
4568924035
4573760332
4575190627
4575583012
4575582419
4575580554
4575579825
4575578579
4575577393
4575577213
4575577392
4575574676
4575574039
4575571383
4575571164
4574318244
4575568392
4575548275
4575566418
4575564613
4575557286
4575564635
4575562764
4575560784
4575560002
4575557091
4575556921
4575582474
4575581001
4575574119
4575567159
4575566199
4575562288
4575560809
4575558370
4575545328
4575569215
4575535766
4575535453
4575527906
4575524380
4575521673
4575517096
4575515366
4575513689
4575506317
4575481306
4575474987
4575466302
4575452045
4575451546
4575539653
4575532474
4575262280
4574784069
4574733971
4574689640
4574683250
4574600524
4574566656
4574478218
4574354808
4574227227
4574155944
4573900554
4573872569
4573860940
4573792092
4573638864
4573571041
4573339208
4575581848
4575581162
4575580709
4575579115
4575575164
4575572007
4575570793
4575570741
4575570782
4575570546
4575566659
4575563716
4575561663
4575560269
4575557428
4575557298
4575556903
4572114286
4572035488
4582447770
4582777466
4583737560
4586583365
4591349604
4593000075
4595769791
4597319382
4597626255
4597029231
4597001489
4596567691
4596014731
4595417337
4595403446
4594171987
4595065463
4594088725
4556162368
4591420684
4591093372
4590923592
4589222920
4589195433
4589169023
4588871681
4588288842
4587213597
4587118631
4585259317
4584960224
4584850368
4592466257
4589687404
4588143671
4587080494
4586205684
4585987903
4583519477
4582381579
4582356714
4581955887
4580866480
4580533667
4579556609
4578345300
4576326310
4576205023
4570219331
4568432639
4567989543
4567522446
4566954732
4565978271
4585747364
4577369523
4549669793
4513741622
4470269979
4599857050
4599926239
4599344615
4598728919
4596494048
4596227369
4597914180
4600203015
4587786410
4600468631
4600466012
4600461538
4600263543
4593278872
4600571510
4600883739
4601741960
4601183436
4601826864
4602325075
4602521600
4602543457
4602523993
4602488934
4602280432
4602016978
4601996082
4602217757
4602157187
4602876050
4602817033
4006236574
4602944083
4602915210
4603840457
4604238513
4604315994
4604182710
4604366377
4604771762
4604428260
4605357111
4605520541
4605153645
4605647208
4606059589
4606285872
4606517743
4606801375
4607006047
4606752470
4607494850
4607482623
4607452672
4606406102
4607821055
4607032290
4604077756
4606284282
4608298464
4608252880
4608739623
4608865101
4609303515
4609581545
4609834287
4607037320
4609016486
4608785546
4606750759
4607092051
4599034843
4610009132
4610105762
4610157251
4610025087
4607970185
4609931642
4610099356
4609938158
4609842628
4606290118
4610674609
4610822055
4388194303
4388188020
4610729447
4611087601
4611442464
4610903060
4611655359
4611695146
4610522772
4612082257
4611905351
4612152148
4605166368
4611920910
4612426004
4612404996
4612398625
4612575932
4612444590
4613089733
4612862950
4613344007
4614303546
4612774499
4614532818
4591664163
4614678731
4615136435
4615263339
4615108957
4615476495
4615563956
4615109630
4615025084
4616040468
4615807625
4609937747
4611136382
4615849568
4614296522
4616456785
4616454823
4616469581
4610165418
4616117493
4617297587
4617507861
4617393293
4617389307
4617044499
4617037009
4617440748
4617382564
4617792616
4617555408
4618159185
4617988148
4615246737
4618251788
4618740712
4618721626
4618639734
4619150717
4619122117
4619109830
4618971013
4618996266
4619796118
4619996432
4618781819
4620185784
4620079646
4618690227
4611371225
4620415869
4620553028
4620735231
4620617272
4620579757
4616540571
4620890365
4620668444
4620922138
4621569882
4621737212
4621840460
4621756650
4621450376
4622220050
4619821078
4621540263
4621133023
4622620664
4622612002
4621939869
4623208205
4623194419
4623173180
4623075880
4622861656
4623567237
4623525806
4623745483
4623993535
4591687644
4624110837
4624631484
4624428980
4624681410
4624994071
4624985341
4624291312
4625241815
4625017529
4625405710
4625553694
4626177101
4626381999
4626296902
4626213454
4626085675
4626649423
4626459785
4627015177
4626541550
4627620890
4627696403
4627774776
4627999307
4627852200
4628425611
4628610556
4628588666
4628518098
4628170258
4626604343
4628767872
4629186464
4629328756
4629765414
4629831091
4629829661
4629806505
4629980488
4630011133
4630001740
4630390077
4630277419
4630926747
4629302106
4351172803
4631757840
4631816163
4631907826
4632185222
4632292829
4632637553
4632611559
4632868847
4631082145
4625430250
4633315202
4625593583
4633688909
4633528428
4633123906
4633097570
4633329654
4633834271
4633507648
4633488655
4633487814
4633048442
4634014295
4632434332
4633981940
4633848163
4633421795
4634220196
4634780743
4635056509
4634044688
4635491202
4635418185
4635133320
4635475320
4635184387
4633273270
4634825387
4636027669
4636506130
4636480420
4636342243
4635426083
4635083433
4633484072
4633343306
4633275530
4630670874
4636375877
4635188010
4632899717
4632809844
4629657661
4628695785
4628150573
4636499201
4485673407
4636999637
4637194007
4637179725
4637174620
4637245713
4637236188
4637232871
4637228615
4637204993
4637359562
4637341615
4637186943
4637447637
4637841076
4637860503
4638241168
4637284574
4638117193
4638316776
4547589660
4638658589
4638641908
4638427754
4637047243
4638685690
4638667172
4620449923
4638798856
4638785136
4638844895
4638984059
4639093878
4638873079
4638699628
4639451113
4639409825
4638176647
4637657608
4637290465
4637190141
4638860558
4639576646
4640603293
4640689283
4640639582
4641403157
4641444012
4641375664
4641365066
4641155574
4641581485
4641861819
4641944602
4642213385
4642211387
4642253627
4642518356
4642449874
4642829030
4641371041
4643074381
4643153342
4643145933
4643210899
4643306569
4643743332
4643675910
4643898061
4644000686
4643985363
4644023568
4643933796
4644278294
4644155344
4644088836
4620508354
4641962136
4644862031
4644850854
4644836056
4644812383
4644810973
4644807354
4644687642
4645067933
4644889748
4644884022
4644883309
4644878774
4644876657
4644870972
4644966664
4645283526
4642728184
4645406161
4645229717
4645645484
4645510835
4645764509
4645902044
4645959286
4645775354
4643202455
4646254769
4609265667
4647061692
4364372032
4647168823
4647282783
4646881146
4645612009
4647642664
4647838965
4647921317
4647900419
4647870216
4647785737
4648190567
4647962423
4647941781
4648708585
4647913968
4649136628
4649781994
4649658771
4649881743
4649620128
4650515788
4650437643
4650629215
4650541493
4648282511
4651050360
4651228198
4651386937
4651651336
4649040117
4652044051
4652486142
4651537103
4650478808
4647881157
4652191534
4653203244
4652762659
4653664217
4654495299
4654330414
4654328740
4654395706
4654336204
4654566106
4648835449
4638727172
4654650510
4654970230
4655043309
4653969048
4590358897
4655561753
4655449925
4655431336
4655785054
4655739553
4655737898
4654953108
4655619569
4655859961
4655911040
4656282553
4655163301
4656704634
4656780816
4655660577
4654642123
4657191679
4657169933
4657809157
4658193639
4658190369
4657995229
4657958401
4658402434
4658424377
4658434346
4658417383
4658406168
4658399373
4658349742
4658948188
4657437397
4659293969
4659222823
4659297625
4659177120
4659342194
4658645537
4660017439
4660200780
4660034394
4660341318
4656356172
4661722913
4661899838
4662206869
4662460713
4662452916
4662429805
4662336750
4662124999
4662681176
4663048500
4663029095
4663157761
4663152197
4659582210
4663475070
4663818121
4663806041
4663604990
4663485588
4663922421
4663907157
4663894846
4664016330
4663995168
4664055322
4663878274
4664161478
4664478235
4664452153
4664433115
4664305480
4664284211
4664268104
4664262227
4603550122
4664676890
4664652535
4664641073
4664642205
4664778094
4664916806
4664654979
4662374213
4652002418
4661878936
4659062390
4665220153
4665366019
4665320770
4665007396
4665229951
4665761640
4666044579
4665987024
4666336207
4666585998
4666553437
4666539755
4668271137
4668538479
4668219801
4666676367
4669020767
4669332686
4669850474
4670001603
4670086352
4670167755
4670164491
4670962588
4670901738
4670785820
4670714548
4670648025
4659133008
4670671486
4669671739
4670701262
4670648820
4671465815
4671100108
4671863724
4671893941
4670021461
4672281782
4672218194
4672068105
4671957891
4672393102
4672233464
4672383081
4672874746
4672973285
4673730576
4673197581
4673889854
4673482462
4674029135
4673894004
4673776674
4672279100
4670647148
4674337348
4675118545
4674025139
4675360747
4675354414
4675359746
4672598239
4672284210
4675510391
4675385242
4675384676
4675609567
4675997802
4675989097
4676476164
4676660263
4676648964
4670651443
4667919756
4677250559
4677250396
4677203737
4676885774
4677743672
4677603985
4678112500
4677823246
4677716489
4677363083
4672716781
4678079333
4677778318
4675880081
4678828365
4672704330
4679063868
4679036352
4672398521
4679612466
4679610483
4679714413
4679713050
4680148272
4680823445
4681037213
4681093279
4684998771
4688034954
4688390688
4691081051
4692222854
4694224426
4695339700
4695334383
4697011435
4701703497
4701703484
4624095885
4702723730
4705833369
4551688938
4708034275
4709451864
4709523813
4714739750
4720258048
4720258223
4720630710
4722113850
4722350610
4589283693
4723197292
4723426173
4726066504
4728997205
4729007486
4729639755
